
rms_tot_pos =

   1.0e+04 *

    0.1960
    0.0877
    4.1804


rms_lane_pos =

    0.0032
    0.0207
    0.0035


rms_skid_pos =

   1.0e+04 *

    0.3336
    0.1493
    7.1155


rms_still_pos =

    0.0069
    0.0029
    0.0018


rms_tot_vel =

   29.9714
   28.4097
  485.0984


rms_lane_vel =

    0.0202
    0.0754
    0.0039


rms_skid_vel =

   51.0143
   48.3534
  825.6992


rms_still_vel =

   1.0e-04 *

    0.4633
    0.2740
    0.0145


rms_tot_bacc =

    8.9029
    6.6529
    1.7820


rms_lane_bacc =

    0.0262
    0.4612
    0.0190


rms_skid_bacc =

   15.0726
   11.1591
    3.0253


rms_still_bacc =
   77.0500


rms_tot_pos =

    0.3350
    0.1272
    0.0624


rms_lane_pos =

    0.0078
    0.0307
    0.0052


rms_skid_pos =

    0.5673
    0.2140
    0.1051


rms_still_pos =

    0.0052
    0.0020
    0.0018


rms_tot_vel =

    0.7214
    0.7499
    0.3484


rms_lane_vel =

    0.0306
    0.1389
    0.0066


rms_skid_vel =

    1.2264
    1.2700
    0.5926


rms_still_vel =

   1.0e-04 *

    0.3849
    0.2712
    0.0213


rms_tot_bacc =

    1.0251
    1.6084
    0.3227


rms_lane_bacc =

    0.0258
    0.4623
    0.0200


rms_skid_bacc =

    1.6633
    2.5732
    0.5413


rms_still_bacc =

    0.1657
    0.2946
    0.0144


rms_tot_att =

    0.4212
    0.4808
   23.7724


rms_lane_att =

    0.1826
    0.0113
    0.7031


rms_skid_att =

    0.6191
    0.7699
   39.9709


rms_still_att =

    0.1841
    0.0990
    0.9478


rms_tot_bars =

    0.1598
    0.2731
    0.0272


rms_lane_bars =

    0.0004
    0.0042
    0.0049


rms_skid_bars =

    0.2719
    0.4646
    0.0445


rms_still_bars =

    0.0000
    0.0002
    0.0033
